22.0675 96.56352
22.0675 96.56352
22.0675 96.56352
35.07642 70.85842
35.06847 70.83861
35.09897 70.86519
35.14261 70.90158
35.09733 70.83072
35.02506 70.87356
35.02442 70.86442
35.09969 70.86956
35.02483 70.87436
9.25 123.2333
9.7167 124.1167
11.8 124.3
9.25 123.2333
13.67 123.33
9.3833 123.1833
25.15 121.55
22.67 121.48
22.67 121.48
25.15 121.55
22.67 121.48
4.12 98.22
-3.33 128.35
2.72 98.9
-3.57 128.32
-3.57 128.32
-6.4 106.8
-6.17 106.75
-3.57 128.32
-3.57 128.32
-3.33 128.35
-3.33 128.35
-3.33 128.35
-8.6 120.47
-3.57 128.32
-3.33 128.35
-21.38 47.87
22.0675 96.56352
22.0675 96.56352
22.0675 96.56352
22.0675 96.56352
22.0675 96.56352
35.06789 70.84244
35.04175 70.86875
35.09672 70.83306
35.0415 70.86925
35.02467 70.87208
35.04069 70.86658
35.04158 70.86908
35.14603 70.9005
35.09897 70.86822
35.09986 70.87125
35.0685 70.83781
35.14444 70.90008
35.14344 70.90158
35.14606 70.9005
35.09853 70.86608
35.03542 70.86875
35.09881 70.86717
35.06789 70.83742
35.04092 70.86831
35.14606 70.9005
35.04203 70.86883
35.06817 70.84244
35.04094 70.86733
35.14525 70.90072
35.14683 70.90008
35.09922 70.86836
35.07317 70.85872
35.02456 70.87056
35.14344 70.90158
35.07381 70.8585
35.07683 70.85797
35.07181 70.85858
35.06975 70.83417
35.04092 70.866
35.04156 70.86881
9.35 -70.3
8.98 -70.77
9.35 -70.3
8.98 -70.77
8.98 -70.77
8.98 -70.77
8.98 -70.77
8.98 -70.77
-30.38 22.0
10.92 -63.88
8.98 -70.77
10.92 -63.88
8.98 -70.77
8.98 -70.77
10.92 -63.88
8.98 -70.77
-30.62 26.75
-30.38 22.0
10.53 -66.9
10.92 -63.88
-26.45 29.67
8.98 -70.77
-30.38 22.0
10.92 -63.88
8.98 -70.77
-26.83 29.08
-30.62 26.75
10.92 -63.88
-30.62 26.75
8.98 -70.77
-30.62 26.75
10.92 -63.88
-30.62 26.75
8.98 -70.77
-33.78 20.12
-26.83 29.08
-30.62 26.75
-26.83 59.08
-26.45 29.67
8.98 -70.77
-26.92 27.52
-29.67 22.77
-27.28 28.5
8.98 -70.77
-26.45 29.67
-26.83 29.08
-26.72 27.1
32.58 59.03
32.58 59.03
32.58 59.03
32.58 59.03
32.58 59.03
32.58 59.03
32.58 59.03
32.58 59.03
32.58 59.03
32.58 59.03
32.58 59.03
32.58 59.03
32.58 59.03
32.58 59.03
32.58 59.03
32.58 59.03
32.58 59.03
39.5958 -77.5417
39.5958 -77.5417
39.5958 -77.53
38.88 -36.55
39.5958 -77.5417
39.5958 -77.5417
39.5958 -77.5417
-21.33 16.17
-21.33 16.17
11.83 -69.98
11.83 -69.98
7.98 -10.95
7.98 -10.95
10.2 -68.33
7.98 -10.95
7.98 -10.95
7.98 -10.95
7.98 -10.95
10.43 -64.03
7.98 -10.95
7.98 -10.95
7.98 -10.95
7.98 -10.95
7.98 -10.95
7.98 -10.95
7.98 -10.95
7.98 -10.95
7.98 -10.95
7.98 -10.95
5.52 -5.25
7.98 -10.95
31.5 -9.67
30.87 -6.87
30.07 -6.88
35.2 -3.88
7.98 -10.95
7.98 -10.95
5.52 -5.25
35.2 -3.88
31.5 -9.67
30.33 -9.83
5.52 -5.25
34.48 -4.8
30.87 -6.87
35.12 -2.75
33.03 -7.77
7.98 -10.95
5.52 -5.25
7.98 -10.95
5.52 -5.25
29.08 -8.88
34.82 -2.4
7.98 -10.95
33.28 -8.4
33.88 -4.18
30.07 -6.88
7.98 -10.95
32.68 -3.08
32.68 -3.08
30.33 -9.83
31.45 -5.6
7.98 -10.95
35.68 -3.08
-1.5 -79.43
34.67 -3.88
32.68 -3.08
32.7 -4.67
7.98 -10.95
7.98 -10.95
7.98 -10.95
9.5 -12.23
7.98 -10.95
7.98 -10.95
7.98 -10.95
7.98 -10.95
7.98 -10.95
7.98 -10.95
9.5 -12.23
9.5 -12.23
7.98 -10.95
7.98 -10.95
7.98 -10.95
7.98 -10.95
7.98 -10.95
7.98 -10.95
7.98 -10.95
7.98 -10.95
7.98 -10.95
9.5 -12.23
7.98 -10.95
7.98 -10.95
7.98 -10.95
11.13 -60.83
7.98 -10.95
7.98 -10.95
7.98 -10.95
7.98 -10.95
8.23 -11.05
7.98 -10.95
7.98 -10.95
8.23 -11.05
7.98 -10.95
7.98 -10.95
7.98 -10.95
7.98 -10.95
7.98 -10.95
7.98 -10.95
7.98 -10.95
8.23 -11.05
7.98 -10.95
8.23 -11.05
7.98 -10.95
7.98 -10.95
8.23 -11.05
7.98 -10.95
7.98 -10.95
8.23 -11.05
8.23 -11.05
7.98 -10.95
8.23 -11.05
8.23 -11.05
8.23 -11.05
8.23 -11.05
8.23 -11.05
8.23 -11.05
8.23 -11.05
7.98 -10.95
7.98 -10.95
8.23 -11.05
8.23 -11.05
8.23 -11.05
8.23 -11.05
7.98 -10.95
8.23 -11.05
7.98 -10.95
8.23 -11.05
8.23 -11.05
8.23 -11.05
8.23 -11.05
8.23 -11.05
8.23 -11.05
8.23 -11.05
8.23 -11.05
8.23 -11.05
8.23 -11.05
8.23 -11.05
8.23 -11.05
8.23 -11.05
8.23 -11.05
8.23 -11.05
8.23 -11.05
9.7 -12.18
8.23 -11.05
8.23 -11.05
8.23 -11.05
8.23 -11.05
8.23 -11.05
8.23 -11.05
8.23 -11.05
8.23 -11.05
8.23 -11.05
8.23 -11.05
8.23 -11.05
8.23 -11.05
8.23 -11.05
8.23 -11.05
8.23 -11.05
8.23 -11.05
8.23 -11.05
8.23 -11.05
8.23 -11.05
8.23 -11.05
8.23 -11.05
8.23 -11.05
9.7 -12.18
8.23 -11.05
8.23 -11.05
8.23 -11.05
8.23 -11.05
8.23 -11.05
8.23 -11.05
8.23 -11.05
8.23 -11.05
9.7 -12.18
8.23 -11.05
8.23 -11.05
8.23 -11.05
9.63 -12.15
31.5028 65.8511
25.25 51.48
40.1472 -122.4153
31.5028 65.8511
31.5028 65.8511
31.5028 65.8511
25.25 51.48
25.25 51.48
25.25 51.48
25.25 51.48
25.25 51.48
25.25 51.48
25.25 51.48
25.25 51.48
25.25 51.48
25.25 51.48
25.25 51.48
25.25 51.48
25.25 51.48
25.25 51.48
25.25 51.48
32.52 20.57
32.52 20.57
32.52 20.57
32.52 20.57
32.52 20.57
32.52 20.57
32.52 20.57
32.52 20.57
32.52 20.57
32.52 20.57
32.52 20.57
32.52 20.57
32.52 20.57
32.52 20.57
32.52 20.57
32.52 20.57
32.52 20.57
32.52 20.57
32.52 20.57
32.52 20.57
32.52 20.57
32.52 20.57
33.03 -7.62
